,A,O,E,N,C,age
0,13.25414031918097,14.500903342366756,-5.952122854561879,-19.28952122854562,2.024390243902439,13-19
0,14.444534194938072,14.981825525040387,-4.901319332256327,-18.274367259019925,3.753231017770598,20-29
0,15.367541766109785,15.909705648369133,-4.145584725536993,-17.117342879872712,5.459029435163087,30-39
0,16.114775725593667,16.170184696569923,-2.825197889182058,-15.734828496042216,6.595646437994723,40-49
0,16.997701149425286,16.22183908045977,-1.8770114942528735,-14.14367816091954,7.403448275862069,50-59
0,17.43205574912892,16.24390243902439,-2.5017421602787455,-14.111498257839722,7.2404181184668985,60-69
0,16.86046511627907,14.55813953488372,-4.093023255813954,-15.325581395348838,7.465116279069767,70-79
0,15.0,3.0,3.0,-13.0,-1.0,80-89
0,11.75,13.0,-5.75,-24.5,3.75,90-100
